0
0.957467
-0.552542
-0.638602
0.921071
0.107064
-0.982856
0.46013
0.717321
-0.874087
-0.212897
0.996947
-0.362429
-0.787794
0.817054
0.316282
-0.999577
0.260561
0.84921
-0.750629
-0.416032
0.990716
-0.155698
-0.900865
0.675575
0.510999
-0.970466
0.0490449
0.942163
-0.592755
-0.600092
0.93906
0.0581718
-0.97263
0.503121
0.682286
-0.896859
-0.16472
0.991917
-0.407703
-0.756637
0.844348
0.269374
-0.999801
0.307598
0.82229
-0.782131
-0.370932
0.996191
-0.203957
-0.87849
0.710923
0.468226
-0.98113
0.0979717
0.924591
-0.631542
-0.560137
0.954789
0.00913996
-0.960064
0.544901
0.645609
-0.917473
-0.116147
0.9845
-0.451996
-0.723659
0.86961
0.221818
-0.997619
0.353895
0.79339
-0.81175
-0.32494
0.999269
-0.251726
-0.854001
0.744559
0.424326
-0.989432
0.146663
0.904795
-0.668808
-0.518834
0.968221
-0.0399139
-0.945187
0.585369
0.607378
-0.935879
-0.0672939
0.974714
-0.495201
-0.688939
0.892779
0.173728
-0.993035
0.39934
0.762581
-0.839416
-0.278165
0.999941
-0.298888
-0.827457
0.776403
0.379404
-0.995353
0.195001
0.88282
-0.704465
-0.476282
0.979321
-0.0888717
-0.928035
0.624429
0.567685
-0.952032
-0.0182792
0.962581
-0.537214
-0.652562
0.913799
0.12522
-0.986062
0.443824
0.729937
-0.865061
-0.230721
0.998207
-0.345332
-0.798921
0.806379
0.33357
-0.998878
0.24287
0.858721
-0.738426
-0.432584
0.988065
-0.137616
-0.908649
0.661985
0.526626
-0.965894
0.0307795
0.948132
-0.577934
-0.614613
0.93262
0.0764103
-0.976715
0.48724
0.695535
-0.888624
-0.182722
0.994071
-0.390944
-0.768462
0.834413
0.286933
-0.999999
0.290154
0.832555
-0.77061
-0.387845
0.994431
-0.186028
-0.887076
0.697949
0.484299
-0.977431
0.0797642
0.931401
-0.617264
-0.575186
0.949196
0.0274168
-0.965018
0.529483
0.65946
-0.910049
-0.134283
0.987541
-0.435615
-0.736154
0.86044
0.239605
-0.998713
0.33674
0.804385
-0.80094
-0.342173
0.998403
-0.233993
-0.863369
0.732232
0.440807
-0.986616
0.128557
0.912428
-0.655107
-0.534374
0.963487
-0.0216426
-0.950998
0.570451
0.621798
-0.929283
-0.0855204
0.978635
-0.479238
-0.702073
0.884395
0.1917
-0.995023
0.382515
0.774279
-0.829341
-0.295676
0.999972
-0.281395
-0.837583
0.764753
0.396253
-0.993426
0.17704
0.891259
-0.691374
-0.492275
0.97546
-0.07065
-0.934689
0.610047
0.582638
-0.94628
-0.0365522
0.967374
-0.521707
-0.666303
0.906222
0.143334
-0.988938
0.42737
0.742309
-0.855747
-0.248469
0.999135
-0.328119
-0.809781
0.795434
0.350746
-0.997845
0.225097
0.867944
-0.725977
-0.448992
0.985084
-0.119487
-0.91613
0.648174
0.542077
-0.961
0.0125039
0.953784
-0.56292
-0.62893
0.925868
0.0946233
-0.980474
0.471196
0.708553
-0.880092
-0.200663
0.995892
-0.374054
-0.78003
0.8242
0.304395
-0.999862
0.272612
0.842541
-0.758832
-0.404629
0.992338
-0.168037
-0.895366
0.684741
0.500211
-0.973407
0.0615299
0.937899
-0.602779
-0.590042
0.943285
0.0456845
-0.969649
0.513888
0.673091
-0.90232
-0.152374
0.990253
-0.419088
-0.748402
0.850982
0.257311
-0.999473
0.319472
0.81511
-0.789861
-0.359291
0.997204
-0.216182
-0.872448
0.719661
0.457141
-0.983471
0.110408
0.919756
-0.641187
