0
-0.42772
-0.773241
-0.970164
-0.980643
-0.802665
-0.470434
-0.0477959
0.384027
0.742049
0.957467
0.988881
0.830255
0.512073
0.0954826
-0.339457
-0.709162
-0.942581
-0.994858
-0.855947
-0.552542
-0.142951
0.294112
0.674653
0.925541
0.998562
0.879682
0.591748
0.190093
-0.248093
-0.638602
-0.906386
-0.999983
-0.901407
-0.629601
-0.2368
0.201508
0.601091
0.885158
0.999118
0.921071
0.666015
0.282966
-0.154463
-0.562207
-0.861908
-0.99597
-0.93863
-0.700906
-0.328485
0.107064
0.522037
0.836687
0.990545
0.954043
0.734196
0.373253
-0.0594201
-0.480674
-0.809554
-0.982856
-0.967276
-0.765807
-0.417168
0.0116407
0.438213
0.78057
0.97292
0.978297
0.795668
0.46013
0.0361653
-0.394749
-0.749802
-0.960761
-0.987083
-0.82371
-0.50204
-0.0838887
0.350384
0.717321
0.946405
0.993612
0.84987
0.542802
0.13142
-0.305217
-0.683199
-0.929886
-0.99787
-0.874087
-0.582324
-0.178651
0.259353
0.647517
0.911242
0.999848
0.896306
0.620514
0.225474
-0.212897
-0.610354
-0.890515
-0.999539
-0.916476
-0.657286
-0.271782
0.165953
0.571795
0.867752
0.996947
0.934551
0.692556
0.317468
-0.11863
-0.53193
-0.843006
-0.992075
-0.95049
-0.726243
-0.362429
0.0710361
0.490849
0.816333
0.984936
0.964257
0.75827
0.406561
-0.0232798
-0.448646
-0.787794
-0.975545
-0.975819
-0.788563
-0.449764
-0.0245298
0.405418
0.757454
0.963924
0.985151
0.817054
0.491938
0.0722834
-0.361263
-0.725383
-0.950101
-0.992231
-0.843678
-0.532989
-0.119872
0.316282
0.691654
0.934105
0.997043
0.868373
0.572821
0.167186
-0.270578
-0.656343
-0.915975
-0.999577
-0.891083
-0.611344
-0.214118
0.224256
0.619533
0.89575
0.999825
0.911756
0.648469
0.260561
-0.177421
-0.581307
-0.873479
-0.997788
-0.930346
-0.684112
-0.306408
0.130181
0.541751
0.84921
0.99347
0.946808
0.718191
0.351555
-0.0826426
-0.500958
-0.823001
-0.986882
-0.961107
-0.750629
-0.395898
0.0349157
0.459019
0.79491
0.978037
0.973209
0.781351
0.439336
0.012891
-0.416032
-0.765003
-0.966958
-0.983086
-0.810287
-0.48177
-0.0606682
0.372093
0.733346
0.953668
0.990716
0.837371
0.523103
0.108307
-0.327304
-0.700014
-0.938198
-0.996081
-0.862541
-0.56324
-0.155698
0.281766
0.665081
0.920583
0.99917
0.885739
0.60209
0.202733
-0.235585
-0.628629
-0.900865
-0.999975
-0.906913
-0.639564
-0.249305
0.188865
0.590739
0.879087
0.998494
0.926014
0.675575
0.295306
-0.141713
-0.551499
-0.8553
-0.994731
-0.942998
-0.710043
-0.340633
0.0942378
0.510999
0.829557
0.988694
0.957827
0.742887
0.385182
-0.0465469
-0.46933
-0.801919
-0.980397
-0.970466
-0.774033
-0.428849
-0.00125042
0.426589
0.772448
0.96986
0.980887
0.803411
0.471537
0.0490449
-0.382873
-0.741211
-0.957105
-0.989066
-0.830951
-0.513147
-0.0967273
0.338281
0.708279
0.942163
0.994984
0.856593
0.553584
0.144189
-0.292916
-0.673729
-0.925067
-0.998628
-0.880276
-0.592755
-0.19132
0.246882
0.637639
0.905857
0.99999
0.901947
0.630572
0.238015
-0.200283
-0.600092
-0.884576
-0.999065
-0.921557
-0.666947
-0.284165
0.153227
0.561172
0.861273
0.995857
0.93906
0.701798
0.329666
-0.10582
-0.52097
-0.836002
-0.990373
-0.954417
-0.735044
-0.374413
