0
0.529747
-1.32578
-1.60877
-0.0595722
-0.695602
-1.45329
0.412334
1.10135
-0.132037
0.74457
1.98583
0.467826
-0.27572
0.912537
-0.0231754
-1.70874
-0.68202
-0.145648
-1.60658
-0.968574
0.847765
0.138414
-0.226212
1.60112
1.50956
-0.090784
0.640792
1.13226
-0.840849
-1.23869
0.0326745
-0.941811
-1.87404
-0.12648
0.445486
-0.695351
0.436371
1.87708
0.591416
0.164434
1.51036
0.55234
-1.15426
-0.254609
-0.0396179
-1.7781
-1.30956
0.295285
-0.532442
-0.771426
1.23296
1.30491
0.00941534
1.05201
1.65879
-0.258288
-0.619557
0.474115
-0.800414
-1.94292
-0.422375
-0.120199
-1.33464
-0.104506
1.42271
0.328574
0.249261
1.84791
1.01749
-0.537489
0.39006
0.398641
-1.56155
-1.2857
0.012186
-1.07544
-1.35604
0.66067
0.77471
-0.272111
1.09307
1.89841
0.181062
0.0239682
1.09964
-0.345131
-1.62839
-0.344517
-0.390493
-1.80997
-0.649618
0.796062
-0.235847
-0.0414229
1.80402
1.17358
-0.0967298
1.01985
0.988056
-1.05231
-0.888519
0.109427
-1.29843
-1.74393
0.119117
0.107623
-0.8294
0.766796
1.75057
0.292481
0.458269
1.67188
0.228596
-1.04666
0.0924984
-0.275321
-1.94411
-0.968769
0.236338
-0.899643
-0.581526
1.40465
0.941553
-0.00112635
1.40808
1.48821
-0.4585
-0.254001
0.549561
-1.13313
-1.77447
-0.16944
-0.454993
-1.44864
0.21834
1.26414
0.0190275
0.53134
1.97322
0.679439
-0.416711
0.734269
0.165363
-1.69128
-0.919321
-0.0440994
-1.42161
-1.1476
0.812748
0.392692
-0.285062
1.42134
1.69258
-0.0202515
0.390099
1.16126
-0.661522
-1.42481
-0.0815612
-0.712644
-1.89108
-0.32119
0.618436
-0.546354
0.231688
1.89018
0.813797
0.0246799
1.34642
0.74486
-1.15485
-0.501543
0.057922
-1.61505
-1.50553
0.265084
-0.278991
-0.834837
1.07123
1.50867
0.0834216
0.812526
1.70573
-0.0840601
-0.818796
0.359482
-0.583396
-1.98559
-0.624367
0.0537553
-1.19684
-0.307257
1.45742
0.560917
0.114669
1.70544
1.22216
-0.54728
0.141448
0.496396
-1.42011
-1.50133
-0.0195984
-0.83193
-1.43277
0.509783
0.99389
-0.195936
0.868147
1.96935
0.358134
-0.17897
0.992702
-0.135603
-1.69504
-0.555683
-0.221803
-1.69188
-0.858917
0.844274
0.000371472
-0.172501
1.68534
1.39542
-0.107687
0.77913
1.09399
-0.926959
-1.1209
0.0745952
-1.07062
-1.8416
-0.0295168
0.333334
-0.757415
0.554187
1.84646
0.476787
0.259711
1.5818
0.438641
-1.13065
-0.12413
-0.112991
-1.85048
-1.19147
0.289092
-0.668753
-0.715543
1.30643
1.1803
-0.00915075
1.18292
1.61083
-0.340795
-0.495539
0.515754
-0.921406
-1.89653
-0.322292
-0.231957
-1.38985
0.0112535
1.38037
0.209527
0.34093
1.90675
0.898034
-0.508937
0.52024
0.32568
-1.6213
-1.15777
0.00682606
-1.20501
-1.29318
0.727472
0.642676
-0.291583
1.21478
1.83753
0.0977605
0.148955
1.13653
-0.460953
-1.5691
-0.240326
-0.498418
-1.85368
-0.531225
0.746578
-0.355897
0.0475968
1.84914
1.04567
-0.0677017
1.14446
0.911106
-1.1026
-0.752465
0.105677
-1.41815
-1.66996
0.184035
-0.0268535
-0.846246
0.880644
1.67638
0.205996
0.579769
1.699
0.113483
-0.978268
0.19869
-0.378861
-1.97384
-0.844009
0.184711
-1.0156
